
Acceleration: 	0.00716  |  0.00377  |  1.00093AngularRate: 	-0.51233  |  0.00149  |  -0.06757Timestamp: 1004.0----------
Acceleration: 	0.00703  |  0.00378  |  1.00099AngularRate: 	-0.50044  |  0.00501  |  -0.05398Timestamp: 3004.0----------